-2.428332 1.608413
-2.193258 1.860486
1.527864 16.944272
-3.000000 1.539392
-3.172118 2.065420
1.000000 -0.583423
9.595537 -7.000000
0.650282 -10.000000
4.396653 0.000000
80.000000 0.000000
35.582739 39.755349
7.528629 0.691079
35.127110 -950.382902
120.278193 16.222554
0.464466 6.535534
100.000000 -28.768944
100.000000 -46.478404
100.000000 -17.060524
7.237079 9.525842
2.366412 3.000000
3.977709 -6.516718
-4.715429 19.723657
-3.780876 5.000000
80.000000 -37.573593
193.354372 280.000000
0.724614 -7.930464
-932.000000 -66.628212
11.992508 20.686861
39.625057 5.184385
-6.112280 10.000000
-4.609145 12.326143
-4.280351 11.714956
-10.143711 -0.000000
12.002158 2.000000
2.467372 0.000000
95.278640 20.000000
68.284271 28.284271
-1.773243 3.829932
117.000000 -301.553598
49.000000 17.000000
-10.000000 10.000000
-2.000000 14.000000
-2.000000 14.000000
6.122532 5.000000
-14.319005 2.765838
1.797068 3.000000
-4.506690 7.093656
134.914018 -50.384352
75.278640 40.000000
40.000000 40.000000
3.602015 0.000000
206.413736 -71.706868
