6.0 1.0 6
-4 0
2 0
2 8
-1 8
-2 2
-4 2
6.0 1.0 6
-4 0
2 0
3 8
-1 8
-2 2
-4 8
10.0 1.0 3
-10 0
10 0
0 20
10.0 1.0 4
-3 0
3 0
3 12
-3 12
10.0 1.0 4
-3 0
3 0
4 12
-4 12
3.0 3.0 8
-1 0
1 0
1 -1
2 -1
2 0
4 0
4 5
-1 5
7.0 1.0 12
-2 0
1 0
1 -3
2 0
2 -3
3 0
3 -3
5 0
4 -7
13 -7
13 10
-2 10
9.0 1.0 10
-2 0
1 0
1 2
2 3
2 -1
-5 -1
-5 -12
10 -12
10 13
-2 13
10.0 1.0 6
-5 0
5 0
5 -10
9 -10
9 11
-5 11
40 1 11
-5 0
10 0
10 -10
20 0
20 -10
30 0
30 -10
40 0
100 0
100 50
-5 50
50 1 10
-5 0
40 0
40 -9
41 -9
41 -20
100 -20
100 36
36 36
36 100
-5 100
3 10 18
-3 0
2 0
10 1
9 6
7 8
-1 4
-2 4
-7 8
-4 3
-7 2
-6 -1
-9 -2
-8 -5
-3 -4
-2 -6
2 -5
3 -10
9 -8
360 10 100
-5 0
5 0
39 -13
25 -75
-24 -127
-72 -164
-71 -230
-59 -296
-51 -375
35 -465
63 -456
126 -396
189 -271
263 -270
368 -320
367 -387
310 -478
332 -533
386 -594
440 -610
537 -597
629 -542
676 -477
699 -404
673 -355
574 -336
502 -250
542 -197
618 -158
728 -78
833 -34
922 34
959 93
973 206
996 283
954 347
861 415
860 459
841 506
748 525
701 477
602 392
547 317
453 244
382 206
279 231
194 307
187 369
194 464
154 550
38 648
-75 711
-112 772
-105 831
-119 913
-208 931
-268 982
-341 978
-437 928
-536 854
-702 820
-769 875
-856 868
-930 694
-932 617
-926 431
-734 318
-605 267
-396 243
-280 190
-279 160
-508 119
-685 64
-849 27
-887 -49
-941 -144
-980 -197
-984 -296
-958 -327
-972 -416
-954 -507
-885 -514
-822 -414
-752 -334
-662 -278
-631 -410
-604 -500
-616 -574
-579 -696
-480 -840
-408 -887
-178 -960
18 -948
133 -964
207 -850
184 -740
110 -662
0 -607
-207 -550
-272 -482
90.0 1.0 8
-20 0
50 0
50 -100
100 -100
100 0
150 0
150 120
-20 120
6.0 1.0 10
-2 0
3 0
4 3
4 0
7 0
7 9
2 9
1 6
1 9
-2 9
90.0 1.0 8
-20 0
20 0
20 -100
100 -100
100 0
150 0
150 120
-20 120
90.0 1.0 8
-20 0
20 0
10 -100
100 -100
100 0
150 0
150 120
-20 120
90.0 1.0 8
-20 0
20 0
30 -100
100 -100
100 0
150 0
150 120
-20 120
10.0 1.5 20
-2 0
1 0
1 -2
2 0
2 -2
3 0
3 -2
4 0
4 -2
5 0
6 0
7 -2
7 0
8 -2
8 0
9 -2
9 0
12 0
12 12
-2 12
2.0 2.0 8
-1 0
1 0
1 1
2 1
2 0
4 0
4 5
-1 5
3.0 2.0 8
-1 0
2 0
6 -2
2 -5
2 -10
10 -10
10 10
-1 10
10.0 2.0 7
-7 0
7 0
7 -3
10 -3
0 40
-10 -3
-7 -3
10.0 1.0 14
-5 0
5 0
5 -10
9 -10
9 15
7 15
7 11
8 10
7 9
6 9
5 10
6 11
6 15
-5 15
50 1 12
-5 0
50 0
50 -10
60 -10
60 -20
70 -20
70 -30
80 -30
80 -40
120 -40
120 60
-5 60
200 1 8
-50 0
173 0
173 280
300 280
300 400
0 400
0 280
-50 280
2.5 10 20
-2 0
9 0
6 2
7 5
3 4
4 9
1 8
-5 5
-2 3
-6 3
-10 5
-11 -1
-9 -1
-10 -4
-5 -3
-4 -3
-1 -10
4 -4
3 -11
5 -2
300 10 100
-5 0
2 0
50 -27
105 -73
95 -126
92 -222
66 -271
7 -333
-10 -409
-26 -494
-32 -646
2 -701
101 -803
219 -880
374 -928
555 -954
712 -948
793 -895
908 -770
944 -602
983 -351
944 -25
952 167
919 313
831 520
860 593
912 660
885 765
867 860
810 932
750 972
638 977
475 977
258 941
146 877
128 831
118 746
116 676
53 593
18 515
-41 488
-159 491
-196 534
-238 606
-248 707
-269 755
-334 844
-453 892
-565 896
-715 873
-796 821
-864 782
-917 700
-946 532
-961 451
-983 340
-941 214
-948 149
-932 47
-965 -12
-968 -71
-978 -127
-973 -191
-978 -279
-961 -370
-951 -435
-952 -477
-971 -565
-968 -670
-954 -739
-912 -784
-866 -834
-788 -875
-709 -918
-645 -944
-586 -937
-490 -921
-424 -896
-355 -853
-311 -826
-237 -752
-141 -657
-93 -544
-99 -511
-133 -452
-199 -396
-308 -324
-377 -324
-459 -288
-551 -240
-610 -158
-600 -83
-552 -21
-484 41
-401 113
-378 115
-341 123
-296 122
-248 98
-164 75
20.0 2.0 7
-10 0
10 0
40 7
40 15
14 16
10 30
-10 30
20.0 2.0 7
-10 0
10 0
50 7
50 15
35 16
32 30
-10 30
15.0 1.0 8
-10 0
2 0
2 8
10 8
10 20
-2 20
-2 10
-10 10
15.0 1.0 8
-10 0
2 0
2 7
12 8
12 20
-2 20
-2 12
-10 13
15.0 1.0 8
-10 0
2 0
2 7
12 6
12 20
-2 20
-2 12
-10 11
10.0 4.0 11
-21 0
6 0
6 -3
9 -3
9 0
21 0
-3 42
-12 21
-12 40
-15 40
-15 14
8.0 3.0 12
-2 0
9 0
9 2
10 0
10 1
11 -2
12 -2
8 -3
8 -10
20 -10
20 10
-2 10
10.0 1.0 7
-11 0
20 0
15 4
8 4
9 10
12 10
10 20
50 1 12
-10 0
10 0
10 5
20 5
20 10
30 10
30 15
40 15
40 20
120 20
120 80
-10 80
50 1 8
-10 0
40 0
20 -20
60 -20
60 20
80 20
80 60
-10 60
3 10 20
-1 0
4 0
6 3
4 7
4 4
2 4
-2 7
-5 6
-4 3
-4 1
-6 2
-7 0
-9 -6
-7 -6
-4 -7
-3 -6
1 -10
3 -6
3 -5
5 -7
400 10 100
-4 0
2 0
65 -17
91 -61
117 -104
99 -133
62 -164
43 -179
-2 -178
-34 -183
-69 -166
-131 -114
-168 -91
-234 -71
-292 -59
-381 -63
-415 -73
-450 -80
-504 -105
-594 -126
-684 -178
-758 -220
-824 -267
-843 -331
-876 -389
-891 -492
-876 -582
-840 -676
-736 -785
-677 -833
-629 -882
-522 -934
-444 -958
-337 -977
-175 -977
-48 -957
43 -949
99 -932
137 -897
222 -804
275 -781
343 -795
436 -800
571 -795
689 -772
797 -712
903 -601
944 -417
951 -316
949 -59
923 60
967 213
939 331
910 455
828 572
711 683
588 738
463 852
361 879
262 937
134 959
46 959
-65 966
-126 961
-163 953
-252 943
-378 949
-476 931
-571 930
-622 911
-712 881
-798 835
-876 784
-921 732
-938 685
-954 627
-985 528
-969 478
-944 376
-911 295
-866 235
-843 206
-817 169
-786 145
-667 89
-615 68
-543 57
-446 29
-363 17
-269 -6
-190 -8
-127 -13
-88 -12
-59 -17
-42 -6
-31 -1
-32 43
-22 110
-18 171
-14 218
40.0 1.0 10
-10 0
25 0
25 -20
43 -20
43 9
46 9
46 13
60 13
60 60
-10 60
50.0 1.0 7
-20 0
30 0
30 60
-2 60
-2 16
-6 13
-20 13
20.0 1.0 9
-5 0
4 0
6 8
6 2
20 2
20 25
-1 25
-1 14
-5 14
20.0 1.0 10
-5 0
4 0
6 8
6 2
20 2
20 25
-1 25
-1 15
-3 13
-5 13
7.0 1.0 8
-1 0
8 0
8 2
9 2
9 4
11 8
11 12
-1 12
10.0 6.0 21
-11 0
2 0
9 7
20 7
20 9
11 9
21 19
12 31
20 31
20 35
9 35
-9 59
-17 47
-30 47
-30 44
-19 44
-35 20
-29 15
-40 15
-40 10
-23 10
7.0 2.0 6
-2 0
2 0
8 -1
15 0
15 10
-2 10
3.8 5.0 11
-4 0
2 0
2 2
4 0
9 0
10 12
4 12
5 9
0 9
1 14
-5 14
101.0 2.0 8
-30 0
30 0
30 -120
-100 -120
-100 -180
350 -60
0 120
-30 120
50 1 12
-10 0
60 0
55 10
65 10
60 20
70 20
65 30
75 30
70 40
80 40
80 120
-10 120
50 1 8
-5 0
40 0
40 -20
60 -20
60 35
40 35
40 60
-5 60
3 10 19
-2 0
11 0
5 4
5 2
0 9
3 10
-4 9
-5 7
-2 5
-5 2
-9 -3
-8 1
-10 -4
-2 -8
-3 -4
2 -8
4 -5
5 -7
5 -3
399 10 88
-8 0
7 0
52 -5
92 -27
165 -51
241 -89
324 -95
391 -99
539 -90
620 -51
746 -5
810 63
845 158
906 258
945 374
922 478
889 551
810 615
733 706
657 753
542 802
435 847
333 899
188 918
21 921
-163 902
-300 888
-414 852
-517 849
-605 822
-688 775
-743 731
-806 648
-859 588
-932 510
-962 427
-993 357
-975 296
-942 202
-822 134
-778 103
-690 66
-608 16
-534 -50
-496 -128
-514 -195
-541 -278
-615 -326
-668 -372
-724 -410
-812 -463
-874 -525
-904 -624
-899 -674
-842 -766
-793 -830
-646 -901
-556 -936
-422 -972
-293 -974
-64 -968
48 -969
223 -963
293 -939
419 -916
513 -877
609 -873
693 -835
750 -803
845 -759
881 -725
935 -603
906 -438
861 -363
834 -300
759 -220
712 -169
642 -121
565 -113
475 -132
411 -169
343 -208
320 -247
259 -306
162 -355
97 -357
35 -376
35 -40
0 0 0
